imgage_file,json_file,annotation,IoU,Dice,Precision,Recall,F1 socre
sa_223750.json.jpg,sa_223750.json.json,"{'bbox': [1226.0, 1036.0, 176.0, 61.0], 'area': 5498, 'segmentation': {'size': [1500, 2254], 'counts': 'VmTh14g^14L4M2N2N1O2N2N1O1O2O0O1O1O1O2N2N1O2N1O1O00100O001O010O0100O010O0010O0010O0001O00010O0000001O0000001O01O01O000100O10O01O01O01O0010O00010O0001O00010O000010O0000010O0001O01O0001O0001O0001O0001O0001O000000001O000000001O000000001O000000000000O10000000O1000O1000O100O10O01O100O100O1O101N1O1O1O100O1O100O100O1O1O100O100O10000O1O100O100O1O100O1O1O100O1O1O2O0O^amV1'}, 'predicted_iou': 0.9534355998039246, 'point_coords': [[1330.75, 1082.6875]], 'crop_box': [1000.0, 622.0, 756.0, 567.0], 'id': 1217702582, 'stability_score': 0.9768401980400085}",0.7732793522267206,0.8721461187214612,0.9142401276426008,0.8337577300836668,0.8721461187214612
sa_223750.json.jpg,sa_223750.json.json,"{'bbox': [2168.0, 447.0, 85.0, 41.0], 'area': 1878, 'segmentation': {'size': [1500, 2254], 'counts': 'VWXS31i^17J6K4L5K5K4L3M2N1O000000O10000O100O100O10000O10000O2O00O10N2N2O1O01000O100O1O100O1O10O0100O100O100O100O10000O100O100O10000O100O10000O100O010O100O10O010000000000000000O10QB'}, 'predicted_iou': 0.9608821868896484, 'point_coords': [[2206.875, 460.6875]], 'crop_box': [1500.0, 0.0, 754.0, 567.0], 'id': 1217702583, 'stability_score': 0.982058048248291}",0.8704144830871844,0.9307182883341824,0.89208984375,0.9728434504792333,0.9307182883341825
sa_223750.json.jpg,sa_223750.json.json,"{'bbox': [1980.0, 269.0, 46.0, 52.0], 'area': 1960, 'segmentation': {'size': [1500, 2254], 'counts': 'jedj22b^1b0B7K3N3L2O2N2O000O101N100O1O1O101N100O2O0O101N10000000000O1000O10001O0O1O1O2N1N3N2M3M3\\O]bNIi]13e0KlW\\:'}, 'predicted_iou': 0.962944746017456, 'point_coords': [[2018.375, 318.9375]], 'crop_box': [1500.0, 0.0, 754.0, 567.0], 'id': 1217702584, 'stability_score': 0.9797979593276978}",0.9129564782391195,0.9544979079497908,0.9790772532188842,0.9311224489795918,0.9544979079497908
sa_223750.json.jpg,sa_223750.json.json,"{'bbox': [1687.0, 1186.0, 28.0, 142.0], 'area': 2455, 'segmentation': {'size': [1500, 2254], 'counts': 'Y[X]27c^1=D<E<D:F<De0[O9G5K8H7I8H7I3M100001O5K5K<E6He0\\O<Cb0^O=C8H9G9Gfibh0'}, 'predicted_iou': 0.9219520092010498, 'point_coords': [[1708.75, 1251.9375]], 'crop_box': [1000.0, 933.0, 756.0, 567.0], 'id': 1217702585, 'stability_score': 0.977053165435791}",0.9108231707317073,0.9533306741124851,0.9339585775693631,0.9735234215885947,0.9533306741124851
sa_223750.json.jpg,sa_223750.json.json,"{'bbox': [1309.0, 1457.0, 82.0, 42.0], 'area': 3160, 'segmentation': {'size': [1500, 2254], 'counts': 'Vmnk11h^19J5J;E4L6J3M2O0O10001O000000000000000000000001O000000000000001O0000000000000000000000000000000000000000000000001O00000000001O00000000000O10000000000000001O8H:F4K;DdW]W1'}, 'predicted_iou': 0.9447437524795532, 'point_coords': [[1330.75, 1464.5625]], 'crop_box': [1000.0, 933.0, 756.0, 567.0], 'id': 1217702586, 'stability_score': 0.9811971187591553}",0.9714374417882645,0.9855118110236221,0.9808777429467085,0.9901898734177215,0.9855118110236222
sa_223750.json.jpg,sa_223750.json.json,"{'bbox': [1697.0, 1043.0, 22.0, 72.0], 'area': 1363, 'segmentation': {'size': [1500, 2254], 'counts': 'ckf]2e0V^1e0[O<E:E4M1O1O1O00000O1000010O01O2N8H<D:F<C;FmT]h0'}, 'predicted_iou': 0.9579874277114868, 'point_coords': [[1708.75, 1082.6875]], 'crop_box': [1000.0, 622.0, 756.0, 567.0], 'id': 1217702587, 'stability_score': 0.9854545593261719}",0.9447552447552447,0.9715929521754765,0.9527503526093088,0.9911958914159942,0.9715929521754765
sa_223750.json.jpg,sa_223750.json.json,"{'bbox': [1293.0, 855.0, 72.0, 83.0], 'area': 3994, 'segmentation': {'size': [1500, 2254], 'counts': 'hmVk13e^17\\Oc0L4L3N3M2M3N1O2N2O0O2N1N3L4G8N3N1O2N101N10001O00100000000O10O01O000O1O1O1O1O1000O101N2M4H=WOgg;1hXD7K2M2O1N100000O101O0O2O0O2M3J<UOVncX1'}, 'predicted_iou': 0.9592607021331787, 'point_coords': [[1330.75, 870.0625]], 'crop_box': [1000.0, 622.0, 756.0, 567.0], 'id': 1217702588, 'stability_score': 0.9782178401947021}",0.886165448974782,0.9396476321379482,0.9378897480668495,0.9414121181772659,0.9396476321379483
sa_223750.json.jpg,sa_223750.json.json,"{'bbox': [1053.0, 777.0, 174.0, 220.0], 'area': 20871, 'segmentation': {'size': [1500, 2254], 'counts': '\\ZW`18c^13L5K5L4K4N1N2O1N2N3]OQOUcNU1c\\1POYcNU1`\\1g0L3M3L4K6K4L4N2N2O1N1O2O0O1N2O2M2O100O100O2O00000000001N10000O1O1M4F9N200000001O00000O2N2M2O2N101O0O2O00000000000001N1000100O0100O1O100O1O1O1O2N1N3N2N1N3N2N4L4L3L6K5K6JdNXgNSMXX1l2lgNZMlW1f2VhNZMhW1e2[hNZMdW1f2^hNYMaW1f2bhNXM^W1g2fhNVM[W1i2ihNSMWW1l2nhNPMRW1o2TiNlLmV1R3ZiNgLfV1Y3_iNbLbV1]3diN]L]V1c3iiNRL\\V1m3Y2100001O001N101O001O1O0O2O1O1O00001O000O2O0O1O2O0O1O1O1O2N1O1O2N1O2N1O1O100O1O1O001O0O2O1O1O2N2N101N2M3N2N3L4L4M3L5XOccNgNh\\1n0g0L3]OVbNOn]1MYbNJo]10cTn^1'}, 'predicted_iou': 0.9785390496253967, 'point_coords': [[1141.75, 799.1875]], 'crop_box': [1000.0, 622.0, 756.0, 567.0], 'id': 1217702589, 'stability_score': 0.9765658378601074}",0.9425745294683335,0.9704384724186704,0.9551719337324238,0.9862009486847779,0.9704384724186704
sa_223750.json.jpg,sa_223750.json.json,"{'bbox': [1438.0, 727.0, 215.0, 152.0], 'area': 24682, 'segmentation': {'size': [1500, 2254], 'counts': 'hUkQ2:1IZ^1h0E8H7I7J:F<C9H7I=C:F:F;E3M001O00000O10000000000000000000O100000001O3M<Df0ZOn0QOg0ZOg0XOaT::TkEf0VbN_N10i\\1Y2D?@>C?@<E6J2N1O00000000000000000000000O100000000001O00000000000O1000000000001O001O5K5K7I7I8H:F<C=D?A?A`0_O>B^V74^iH:F8I9G8H=Ca0^Oa0@9G;E<D6J4L2N001O000O1000000000000000O10000000O1000000000O1000O100000000O10O1000000000000000000O01000O100000000000000000O10000000000000000000O10000000001O00000000001O00001O2N5K6J:F;D<E:F:F=C=B;F6I;EbR^k0'}, 'predicted_iou': 0.9757938385009766, 'point_coords': [[1519.75, 870.0625]], 'crop_box': [1000.0, 622.0, 756.0, 567.0], 'id': 1217702590, 'stability_score': 0.9734095931053162}",0.9274827339842819,0.9623772162846729,0.9785585661041082,0.9467223077546391,0.962377216284673
sa_223750.json.jpg,sa_223750.json.json,"{'bbox': [1174.0, 860.0, 115.0, 115.0], 'area': 6794, 'segmentation': {'size': [1500, 2254], 'counts': 'kdhe15e^14L4M3L3N1N2O2M2M2N3F:N1O2O1O1O001O001N2O001O00001O001O001O1O1O2N2N3N1N4L2N3M3M2N2N1N3M2M4K5M3L5L3O2M2OO1M3N2O1N2J6N2M3O1L4N2N2O1N2O1O1O1O1O101N100000001N10000O100O1O1M2_Ob0J5001O1O1O2N4L;F2N1O1O010O0001O0O2N2M2jNZcN2k\\1J[cNLl\\13WcNIl\\15VcNIk\\17n0N101O0O2O2MZXS\\1'}, 'predicted_iou': 0.9293051958084106, 'point_coords': [[1236.25, 870.0625]], 'crop_box': [1000.0, 622.0, 756.0, 567.0], 'id': 1217702591, 'stability_score': 0.9502730965614319}",0.8430953969312875,0.9148689735051397,0.9001424501424501,0.9300853694436267,0.9148689735051397
sa_223750.json.jpg,sa_223750.json.json,"{'bbox': [1916.0, 493.0, 44.0, 44.0], 'area': 1609, 'segmentation': {'size': [1500, 2254], 'counts': 'fTgg2;Y^1:K4M3N2N1O101N1O100O2O0O001O1O101N10001O0O2O000001O00000000001N101N1O2O1N2N2N2M4M3M4K5J`f\\='}, 'predicted_iou': 0.9713078737258911, 'point_coords': [[1924.125, 531.5625]], 'crop_box': [1500.0, 0.0, 754.0, 567.0], 'id': 1217702592, 'stability_score': 0.9851484894752502}",0.9194202898550725,0.958018725460586,0.9318448883666275,0.9857054070851461,0.9580187254605859
sa_223750.json.jpg,sa_223750.json.json,"{'bbox': [1601.0, 871.0, 15.0, 101.0], 'area': 1223, 'segmentation': {'size': [1500, 2254], 'counts': '\\RZY21g^1o0ROd0^Oe0\\Od0[O7J1O1O00000001aM\\dNd1h[1mMkdNk1[\\1Gl0TOPVTm0'}, 'predicted_iou': 0.9262378811836243, 'point_coords': [[1614.25, 940.9375]], 'crop_box': [1000.0, 622.0, 756.0, 567.0], 'id': 1217702593, 'stability_score': 0.9750402569770813}",0.8445283018867924,0.9157119476268413,0.9164619164619164,0.9149632052330335,0.9157119476268413
sa_223750.json.jpg,sa_223750.json.json,"{'bbox': [1294.0, 607.0, 81.0, 42.0], 'area': 1688, 'segmentation': {'size': [1500, 2254], 'counts': '[TXk15c^15L4M2O1N200O10O10O100O10O01000O01000O010O0100O1000O0100O100O0100O0100O10O10O10O0100O01000O010O10O10O10O0100O0100O10O10O10O10O10O01O100O10001N2O1O1N2O1N2N3N1N2N2Nn`UX1'}, 'predicted_iou': 0.9246845245361328, 'point_coords': [[1330.75, 629.9375]], 'crop_box': [1000.0, 311.0, 756.0, 567.0], 'id': 1217702594, 'stability_score': 0.9742388725280762}",0.8949720670391061,0.9445754716981132,0.9401408450704225,0.9490521327014217,0.9445754716981132
sa_223750.json.jpg,sa_223750.json.json,"{'bbox': [1362.0, 433.0, 111.0, 50.0], 'area': 4429, 'segmentation': {'size': [1500, 2254], 'counts': 'Zb[n19^^16J6J6L3M3L4M3N2O1O100O2O0001O0000000000000000001O0001O01O0000000000001O0000000000000000001O01O001O001O001O000001O000000000O100O100O100O2O0O1001O00001O00000001O0000000000000000000000001O00000O100O101N1O1O1O2M2N2N2N3M2N3K6JdTfS1'}, 'predicted_iou': 0.9639328122138977, 'point_coords': [[1425.25, 460.6875]], 'crop_box': [1000.0, 0.0, 756.0, 567.0], 'id': 1217702595, 'stability_score': 0.9798747897148132}",0.9340586145648313,0.9659051773619561,0.9824848201774872,0.9498758184691805,0.9659051773619561
sa_223750.json.jpg,sa_223750.json.json,"{'bbox': [805.0, 956.0, 36.0, 88.0], 'area': 626, 'segmentation': {'size': [1500, 2254], 'counts': 'lVlT15d^13M3L4M3N0O0010O00100000O1N11O0001O1N10000100O0O2O10O02M2O10O11O1O2N2N2Mg]cP2'}, 'predicted_iou': 0.8830981850624084, 'point_coords': [[830.75, 968.4375]], 'crop_box': [500.0, 933.0, 756.0, 567.0], 'id': 1217702596, 'stability_score': 0.9563182592391968}",0.35899280575539566,0.5283218634197988,0.3950910530482977,0.7971246006389776,0.5283218634197988
sa_223750.json.jpg,sa_223750.json.json,"{'bbox': [820.0, 1016.0, 132.0, 69.0], 'area': 5869, 'segmentation': {'size': [1500, 2254], 'counts': 'gUbU18`^19B;L6L1O1O7I3N4K4M1O1N3N1N2O0O010O01O001O100O001O001O010O001O00001O00001O00001O00001O000O2O001O001O000000000000000000000000000000001O0000001O0000000000000000O10O2O00O001O1O10000O100O100O1000001O000O02O00002O2M3M2N3M2N2N2N2N3M2N100O1N2O2O0O3M2O1N1O1O1O0O2O0O2O2M3Mdf`k1'}, 'predicted_iou': 0.9207909107208252, 'point_coords': [[925.25, 1039.3125]], 'crop_box': [500.0, 933.0, 756.0, 567.0], 'id': 1217702597, 'stability_score': 0.9688442349433899}",0.8523420074349443,0.9202857830938428,0.8700667880995749,0.9766570114159141,0.9202857830938428
sa_223750.json.jpg,sa_223750.json.json,"{'bbox': [890.0, 864.0, 56.0, 21.0], 'area': 1125, 'segmentation': {'size': [1500, 2254], 'counts': 'iahX1;`^15L1O1O0000001O0000001O0000001O000000001O000000000000000000000000000000O100000000O100000001O000O100000000O100O2Mdfik1'}, 'predicted_iou': 0.9536005258560181, 'point_coords': [[925.25, 870.0625]], 'crop_box': [500.0, 622.0, 756.0, 567.0], 'id': 1217702598, 'stability_score': 0.9893898963928223}",0.9126853377265239,0.954349698535745,0.9256474519632414,0.9848888888888889,0.954349698535745
sa_223750.json.jpg,sa_223750.json.json,"{'bbox': [626.0, 873.0, 138.0, 84.0], 'area': 8007, 'segmentation': {'size': [1500, 2254], 'counts': '\\lel01j^12N2N2O0O2O001N2Oj0UO3M100O2N100O1O100O1O100O1O1O100O1O100O1O1O100O1O2O0O1O10000O2N10O01O010O0000000001O00001O0O2O00acNVNn[1i1ocN\\No[1d1QdN]No[1a1QdNaNn[1_1QdNbNP\\1]1PdNcNP\\1]1ocNdNQ\\1[1PdNfNP\\1Y1PdNhNo[1X1PdNjNP\\1U1PdNlNP\\1R1QdNoNo[1P1QdNPOP\\1o0PdNROP\\1m0PdNTOP\\1j0QdNWOo[1h0PdNZOQ\\1d0ocN]OQ\\1b0ncN@R\\1?ncNBS\\1;mcNGS\\18lcNJU\\14kcNMU\\12kcNOV\\1OjcN2V\\1LkcN5U\\1JkcN7V\\1GjcN:V\\1EicN>V\\1AjcN?X\\1^OhcNd0X\\1ZOhcNh0X\\1WOhcNj0Y\\1TOgcNm0Y\\1QOgcNQ1Y\\1nNgcNS1Z\\1kNfcNV1Z\\1iNfcNX1[\\1fNecN[1[\\1cNfcN^1[\\1`NdcNb1\\\\1\\NdcNg1g\\11O1O1O1O1N2O2N100O10000001O10O01O1O001O001O001O1O001O1N2O001N2O001N1O2M3N2J6Ac0ZOPYTT2'}, 'predicted_iou': 0.9118229150772095, 'point_coords': [[736.25, 940.9375]], 'crop_box': [500.0, 622.0, 756.0, 567.0], 'id': 1217702599, 'stability_score': 0.9580538868904114}",0.8523017126199441,0.9202622950819672,0.9687974596161811,0.8763581865867366,0.9202622950819671
sa_223750.json.jpg,sa_223750.json.json,"{'bbox': [631.0, 873.0, 131.0, 119.0], 'area': 13289, 'segmentation': {'size': [1500, 2254], 'counts': 'jVml0<]^1l0TO9I6J3M4L2N3N2M4L<E1N2N100O2N100O100O1O100O1O1O1O100O0010O01O010O100O2N1O101N1O1O100O100O100O00100O100O1O100O100O100O10000000000000000001O00010O001O00001O001O001O001O001O0001O0000000000000000000O10000O10O101O1O3L3N1O0O2O0O2O1O0O2O1O001O1O1N1O2N2N1N3K5K5K5K6G;@eVWT2'}, 'predicted_iou': 0.9032671451568604, 'point_coords': [[739.59375, 914.0625]], 'crop_box': [0.0, 0.0, 2254.0, 1500.0], 'id': 1217702600, 'stability_score': 0.9611021280288696}",0.9279207634470792,0.9626129673379082,0.9594109732396472,0.9658364060501167,0.9626129673379084
sa_223750.json.jpg,sa_223750.json.json,"{'bbox': [1690.0, 1320.0, 563.0, 177.0], 'area': 72635, 'segmentation': {'size': [1500, 2254], 'counts': 'Pl\\]28d^17I8H5K4M2M3M2O2M4M2N3L2O3M3M2N3M1O1N2O2N1O2N0O4M3L4N3Mb0]O4L3L5L3L3N2M3N2M4L1O3N1N3N001O0O2N101OO0100O01O001O010O002N1O1O1O001O1O1O1O1O1O1O2N1O1O1O00001O1O1O001O00001O1O1O001O1O002N001O001O1O001O002N2N2N2N1O1O001O1O00001O1O00001O001O1O001O00001O1O1O001O1O001O00UO^M]eNa2aZ1cM]eN]2aZ1fM^eNZ2VZ1ZM`eN>:X2TZ1UNjeNl1TZ1VNieNm1VZ1UNfeNn1YZ1SNceNQ2]Z1W1O010O100000000000010OO100000O100001O000000000000001O0000000000000000000000O1000000000000000000O10000000000001O0000000000000000000000000000000000001O00000000000001O01O0000001O0000001O000000001O000000000000000000O1O1M3K5O1000000001O000000000000000000000000000000001O000000000000000000000000000000000000000000001O00000000001O000000001O0000000000000000000000000000000000000000O100000000000000000000000000001O0000000000000000000000001O00000000000000000000000000001O00000000000000000000001O0000000000000000000000000000000000000000O1000000000000000000000000000000000000001O00000000000000001O000000000000000000001O0000000000000000001O000000000000O100001O000000000000000000000000O1000000000000000000000000001O000000000000000000000000000000001O00000000000000000000000000000000000000000000000000001O00000000000000000000000000001O0000000000000000000000001O0000WeN'}, 'predicted_iou': 0.9003427028656006, 'point_coords': [[1924.125, 1464.5625]], 'crop_box': [1500.0, 933.0, 754.0, 567.0], 'id': 1217702601, 'stability_score': 0.9624332785606384}",0.9781739806566904,0.9889665825368585,0.9907155390375662,0.9872237901837957,0.9889665825368585
sa_223750.json.jpg,sa_223750.json.json,"{'bbox': [1690.0, 1321.0, 142.0, 177.0], 'area': 14393, 'segmentation': {'size': [1500, 2254], 'counts': 'Rl\\]28c^19H6J4L4L3N1N3M5L2M4M2N2N4K201N3M2N1N2O2N1O2M2O3M4M2Mc0^O2L5L4K4M3L3M3N2M4L2O1N2O1O1O1N2O1O1N100O0100O001O1O010O2N001O1O001O1O001O1O2N1O1O1O1O001O001O001O1O1O001O1O1O001O001O001O1O001O1O001O001O1O1O2N2N2N1O1O001O1O001O001O00001O001O1O001O001O001O001O1O1O001O001O1O2N2oMlcNV1Q]1L3M6J4L5J5L3M5J?_OnWWc0'}, 'predicted_iou': 0.9186304807662964, 'point_coords': [[1735.625, 1393.6875]], 'crop_box': [1500.0, 933.0, 754.0, 567.0], 'id': 1217702602, 'stability_score': 0.9738033413887024}",0.9731249143013849,0.9863794301598332,0.9865851115590464,0.9861738345028833,0.9863794301598332
sa_223750.json.jpg,sa_223750.json.json,"{'bbox': [1821.0, 1353.0, 432.0, 144.0], 'area': 57709, 'segmentation': {'size': [1500, 2254], 'counts': 'dj\\c23g^15K2O2CIQbN9m]1=_bNYOj\\1i0QcN@i\\1a0TcN:R\\1JicN:U\\1X1O2N3mcNXMk[1S3J6J2N6bdN`LT[1k3I6J2N001O1O00001O0000000001O0000000001O000001O00O1000000000000000000O10000000000000000000000000000000000001O0001O00000000000000000001O00000000000000001O000000001O00001O0000000000001O000000000000O1O1J6N2O1O11O00001O000000000O1001O000000000000000001O0000000000000000000000000001OO100000000000001O00000000001O00000000000010O000000000000000O1000000000000000O11O00000O1001O000000000000000O10000001O01O0O10000000000000000010OO10000000000000000001O0001O0O11O000000000000000001O00000000000O11O0000000000000000000O1000000000000000000000000000000000000000000001O00000000000000000000001O000000000000000000001O00000000000000000000000000000000001O0000000000O10000000000000000000000000000000000000000000000000000001O000000000000001O0000000000000000000000000000000000000000000000000000001O00000000000000000000000000000000000000001O0000000000001O00WeN'}, 'predicted_iou': 0.9702906608581543, 'point_coords': [[2112.625, 1464.5625]], 'crop_box': [1500.0, 933.0, 754.0, 567.0], 'id': 1217702603, 'stability_score': 0.9768445491790771}",0.970525815378869,0.9850424772966173,0.979606875396295,0.9905387374586286,0.9850424772966173
sa_223750.json.jpg,sa_223750.json.json,"{'bbox': [1825.0, 1231.0, 27.0, 116.0], 'area': 2676, 'segmentation': {'size': [1500, 2254], 'counts': '_abc2;_^1l0UOj0]bNQNg\\1e2]O:E8I3M2N3M2N001O00000000001O000001O1N3Nb0cLVdNc2k\\1VOg0YOb0\\OcSZb0'}, 'predicted_iou': 0.9675673842430115, 'point_coords': [[1829.875, 1251.9375]], 'crop_box': [1500.0, 933.0, 754.0, 567.0], 'id': 1217702604, 'stability_score': 0.9752218723297119}",0.9277620396600567,0.9625275532696547,0.9465317919075145,0.9790732436472347,0.9625275532696548
sa_223750.json.jpg,sa_223750.json.json,"{'bbox': [1811.0, 1106.0, 41.0, 242.0], 'area': 5487, 'segmentation': {'size': [1500, 2254], 'counts': '\\mmb2d0U^1;F9H8I7I6J8H7I8H7I7I7J8G4L3SeN_LYZ1b3beN\\MeY1d2WfNWNRY1a4YO:G4N1OO2M4L5I6K7H8H7I8H7I5L7H7I7I7I5QLZeN^3V[1Kl0TOj0VOf0YOb0]OaSZb0'}, 'predicted_iou': 0.9372117519378662, 'point_coords': [[1829.875, 1251.9375]], 'crop_box': [1500.0, 933.0, 754.0, 567.0], 'id': 1217702605, 'stability_score': 0.9781864285469055}",0.9501848266150326,0.9744561783554473,0.9653075822603719,0.9837798432659012,0.9744561783554472
sa_223750.json.jpg,sa_223750.json.json,"{'bbox': [1913.0, 1112.0, 43.0, 236.0], 'area': 4209, 'segmentation': {'size': [1500, 2254], 'counts': 'fZcg2g0U^1:E<E9G8G<E;E7I7I8H2N1O1jdNcLlZ1\\3ReNoLfZ1Q3XeNYMbZ1e2\\eNbMaZ1_32014L7K10N:HOL4MOO1N2YLVeNV3X[102O2L6I8I4K7I6J9F=D7I6J6I6K?@9FTha='}, 'predicted_iou': 0.9292087554931641, 'point_coords': [[1924.125, 1181.0625]], 'crop_box': [1500.0, 933.0, 754.0, 567.0], 'id': 1217702606, 'stability_score': 0.9651706218719482}",0.8773202474930659,0.9346516649619275,0.8958605664488017,0.9769541458778808,0.9346516649619275
sa_223750.json.jpg,sa_223750.json.json,"{'bbox': [2101.0, 1188.0, 46.0, 173.0], 'area': 3448, 'segmentation': {'size': [1500, 2254], 'counts': 'diVP32g^1:I8H5K6J6J7I7I4L5K5K5K6I7J4L5L4L3N10113M2N2N201L4M2N01M2N1M4L6I3M3M3N5J7I6J7I7I7I6J7I:F7H:Fbni4'}, 'predicted_iou': 0.9419423341751099, 'point_coords': [[2112.625, 1251.9375]], 'crop_box': [1500.0, 933.0, 754.0, 567.0], 'id': 1217702607, 'stability_score': 0.977011501789093}",0.9156889495225102,0.9559891753311494,0.9392667226420375,0.9733178654292344,0.9559891753311494
sa_223750.json.jpg,sa_223750.json.json,"{'bbox': [1811.0, 1106.0, 36.0, 123.0], 'area': 2786, 'segmentation': {'size': [1500, 2254], 'counts': ']mmb2c0U^1<F9I7H8I5K9G7I8H7I7J7H9G3M2N2OO011N2N4M3L5K6J7I6J7I9G8H7I6J7I8H7I7H7J4JVaab0'}, 'predicted_iou': 0.9765771627426147, 'point_coords': [[1829.875, 1181.0625]], 'crop_box': [1500.0, 933.0, 754.0, 567.0], 'id': 1217702608, 'stability_score': 0.9864431023597717}",0.9492629413781282,0.97397115722828,0.9548275862068966,0.9938980617372577,0.9739711572282799
sa_223750.json.jpg,sa_223750.json.json,"{'bbox': [1912.0, 1111.0, 28.0, 111.0], 'area': 1996, 'segmentation': {'size': [1500, 2254], 'counts': 'mkag21h^1?[aNDQ^1o0E:F9G8G<E;E6J7H8I2O1N0010O3M4L6K6I7I8H:Fc0]O9G9G5K5J6JSZY>'}, 'predicted_iou': 0.9179954528808594, 'point_coords': [[1924.125, 1181.0625]], 'crop_box': [1500.0, 933.0, 754.0, 567.0], 'id': 1217702609, 'stability_score': 0.9743083119392395}",0.8598839803659081,0.9246641074856046,0.8872007366482505,0.9654308617234469,0.9246641074856047
sa_223750.json.jpg,sa_223750.json.json,"{'bbox': [45.0, 1193.0, 21.0, 129.0], 'area': 2369, 'segmentation': {'size': [1500, 2254], 'counts': 'QSS2k0k0]Oa0KlY1h3G3N2N1O01O1O100O1O1O1O1O1N2N2N2_OPeNoLX[1e2h0Dg0\\O=cNTcN2hjST3'}, 'predicted_iou': 0.8964332938194275, 'point_coords': [[47.25, 1251.9375]], 'crop_box': [0.0, 933.0, 756.0, 567.0], 'id': 1217702610, 'stability_score': 0.9594538807868958}",0.9233838786911412,0.9601659751037345,0.9441044471644227,0.9767834529337273,0.9601659751037345
sa_223750.json.jpg,sa_223750.json.json,"{'bbox': [2208.0, 1101.0, 11.0, 17.0], 'area': 176, 'segmentation': {'size': [1500, 2254], 'counts': '^^SU39b^15L3M1O000001O002N3L7IPg`1'}, 'predicted_iou': 0.8999007940292358, 'point_coords': [[2206.875, 1110.1875]], 'crop_box': [1500.0, 933.0, 754.0, 567.0], 'id': 1217702611, 'stability_score': 0.9719101190567017}",0.8789473684210526,0.9355742296918768,0.9226519337016574,0.9488636363636364,0.9355742296918768
sa_223750.json.jpg,sa_223750.json.json,"{'bbox': [2093.0, 1104.0, 54.0, 257.0], 'area': 5083, 'segmentation': {'size': [1500, 2254], 'counts': 'nojo2i0R^1>C;E<D:F5K3M2M9H6J8H5L4K6J7I7J4L3012N2O:F4J3N1O4J?B0O13N4L3N011M2N2N1ON2N2M4J6K2M3M4L5K7J5J8H6J7H7J8H:F7H:Bdni4'}, 'predicted_iou': 0.9456846117973328, 'point_coords': [[2112.625, 1251.9375]], 'crop_box': [1500.0, 933.0, 754.0, 567.0], 'id': 1217702612, 'stability_score': 0.9709640145301819}",0.9268337633615923,0.9620277379244381,0.936150409530901,0.9893763525477081,0.962027737924438
sa_223750.json.jpg,sa_223750.json.json,"{'bbox': [2092.0, 1104.0, 26.0, 84.0], 'area': 1713, 'segmentation': {'size': [1500, 2254], 'counts': 'Uaio26c^1c0_O?B>B9F:G5K3M2N1O00001O0001O00001O3M9G7I`0@9F9H7I8G`cT6'}, 'predicted_iou': 0.9637413024902344, 'point_coords': [[2112.625, 1181.0625]], 'crop_box': [1500.0, 933.0, 754.0, 567.0], 'id': 1217702613, 'stability_score': 0.9849449992179871}",0.9061007957559681,0.95073754522683,0.9085106382978724,0.997081144191477,0.95073754522683
sa_223750.json.jpg,sa_223750.json.json,"{'bbox': [1624.0, 969.0, 32.0, 46.0], 'area': 1268, 'segmentation': {'size': [1500, 2254], 'counts': 'mk[Z2<Y^1;G8K4M2M4L201O1N101O00000000O100O10001O00100O001O2N1N4K5K6I5M5FcaNKkoZk0'}, 'predicted_iou': 0.8971653580665588, 'point_coords': [[1641.375, 1011.8125]], 'crop_box': [1500.0, 622.0, 754.0, 567.0], 'id': 1217702614, 'stability_score': 0.957463264465332}",0.775,0.8732394366197183,0.7888040712468194,0.9779179810725552,0.8732394366197183
sa_223750.json.jpg,sa_223750.json.json,"{'bbox': [2178.0, 454.0, 75.0, 120.0], 'area': 6976, 'segmentation': {'size': [1500, 2254], 'counts': 'TmfS33h^15K5L8G6K4K4M5J5L7H8I9F4M2N2N1O1O000O2O0N2M3O1O100O100O100O1O2O1N2O2M3M2O0O10001N1O10000O101O0O100O100O100O1O10000O010O100O100O1O10000O1000000000000O1jA'}, 'predicted_iou': 0.8946566581726074, 'point_coords': [[2206.875, 559.0625]], 'crop_box': [1500.0, 311.0, 754.0, 567.0], 'id': 1217702615, 'stability_score': 0.968195915222168}",0.8808311545341957,0.9366403277729002,0.9565152420800956,0.9175745412844036,0.9366403277729002
sa_223750.json.jpg,sa_223750.json.json,"{'bbox': [2156.0, 387.0, 64.0, 46.0], 'area': 2648, 'segmentation': {'size': [1500, 2254], 'counts': 'jbfR35e^18J7H4L5L6I5L2N1O1O00001O0O1000O1000000000O100000000000O10000000000000000000000000000000000O1000000000000000000000001O2N5Ka0^O2N<Ahm_1'}, 'predicted_iou': 0.9026134014129639, 'point_coords': [[2206.875, 417.3125]], 'crop_box': [1500.0, 311.0, 754.0, 567.0], 'id': 1217702616, 'stability_score': 0.9761461019515991}",0.92031305585201,0.9585031493145609,0.9407272727272727,0.976963746223565,0.9585031493145609
sa_223750.json.jpg,sa_223750.json.json,"{'bbox': [1623.0, 538.0, 22.0, 29.0], 'area': 580, 'segmentation': {'size': [1500, 2254], 'counts': 'ToYZ27c^1<E3M3N1N101O0O2O000000000000O2O000O2O2M4L8ElRjk0'}, 'predicted_iou': 0.9340500831604004, 'point_coords': [[1641.375, 559.0625]], 'crop_box': [1500.0, 311.0, 754.0, 567.0], 'id': 1217702617, 'stability_score': 0.9777015447616577}",0.8644628099173554,0.9273049645390071,0.9543795620437956,0.9017241379310345,0.927304964539007
sa_223750.json.jpg,sa_223750.json.json,"{'bbox': [2196.0, 447.0, 57.0, 30.0], 'area': 963, 'segmentation': {'size': [1500, 2254], 'counts': 'dWaT34g^15L3M>A2O00O10000O1O100O001O100O100O10000O100O1O1000O0100O2O000O100O100O1000000O010O1O100O010O10000000000000000000QB'}, 'predicted_iou': 0.892993688583374, 'point_coords': [[2206.875, 460.6875]], 'crop_box': [1500.0, 0.0, 754.0, 567.0], 'id': 1217702618, 'stability_score': 0.9733059406280518}",0.8405931417979611,0.9133937562940584,0.8866080156402737,0.9418483904465212,0.9133937562940584
sa_223750.json.jpg,sa_223750.json.json,"{'bbox': [0.0, 861.0, 222.0, 352.0], 'area': 7498, 'segmentation': {'size': [1500, 2254], 'counts': 'mj0m0o]101O01100000O0001000O010O000010O010O01O001O0010O010O010O00100O010O010O010O0100O00010O010O01O01000O10O1O01000O1O1O010O010O10O0100O10O010O001O010O01O01000O10O01O100O010O0010O0010O0100O010O0100O010O1000O010000O0100O010O010O00100000O0001O01O010O01O10O10O10O1O10O10000O0100O010O10O010O01000O0100O00100O100O0100O010O100000000O01000O1000O1000000O0100O11N0100O001000O10000O10O00100O010000O010O10O101N10O010O0100O001N101O1N101N1O1O2O0O1O2N1O2N2N2N1N3M4K`mml2'}, 'predicted_iou': 0.9602723121643066, 'point_coords': [[129.65625, 1091.3125]], 'crop_box': [0.0, 494.0, 1383.0, 1006.0], 'id': 1217702619, 'stability_score': 0.9699119925498962}",0.9211264016309888,0.9589440870199641,0.9538197651405198,0.96412376633769,0.9589440870199641
sa_223750.json.jpg,sa_223750.json.json,"{'bbox': [302.0, 1201.0, 49.0, 296.0], 'area': 6209, 'segmentation': {'size': [1500, 2254], 'counts': 'gjk=:a]1Q1QOP1H7L4L4K5M3L4SNRM^fN`0;a2oX1R2YOiJcgN\\5XX1d0OOB;30NK5I9D?L3N2O2O1N2N2N2L4L4H8G9L5J6L4L4K4K5K4L5H8N2N2N3K5G9J6M4@]cNbNh\\1X1a0K7VO]oPg2'}, 'predicted_iou': 0.8986542224884033, 'point_coords': [[330.75, 1251.9375]], 'crop_box': [0.0, 933.0, 756.0, 567.0], 'id': 1217702620, 'stability_score': 0.9568652510643005}",0.7587719298245614,0.8628428927680798,0.9651324965132496,0.7801578354002254,0.8628428927680797
sa_223750.json.jpg,sa_223750.json.json,"{'bbox': [1673.0, 632.0, 112.0, 414.0], 'area': 31600, 'segmentation': {'size': [1500, 2254], 'counts': 'n[c\\2?b9Nij0>VTO@hG9mS1=mSOb0ok0IbSO?[l0JYSO<mk0XNXmNe1a67Rl0l0bSOYOZl0P1\\SOTObl0V1SSOmNll0Y1hROnNVm0X1UROYOkm0i0kQO_OTn0b0dQOF[n0;]QOMbn04XQO1hn0OTQO6ln0HQQO=nn0_OoPOi0on0SOQQOS1nn0jNnPO^1Qo0`NlPOf1Ro0XNlPOn1So0nMmPOV2So0fMmPO_2Ro0\\MPQOh2on0RMQQOU3nn0gLRQO^3mn0`LPQOf3Po0SLnPOU4Qo0hKkPOa4To0[KjPOl4Uo0QKhPOV5Wo0fJfPOb5Yo0ZJfPOl5Yo0PJePOW6[o0]IjPOj6Uo0QIkPOU7To0fHmPO_7So0WHSQOm7Po0hGSQO]8^R17K6K5J5M4L4H8J6K5L4K4J7J6K5M3M3J6L3L5M3N2N2N2N2O0101O1O1O0O2O2N2N7H5L4L5K9F5L8H4L6I6K9G7I5K5J9H:F<D:F9F7J4L3M6J6I6K4L?A=C;Eb0^O7H7J7I;E6J6J4Ka0^O;DR1lNTc\\e0'}, 'predicted_iou': 0.9264692664146423, 'point_coords': [[1692.15625, 1028.4375]], 'crop_box': [871.0, 494.0, 1383.0, 1006.0], 'id': 1217702621, 'stability_score': 0.9529186487197876}",0.842314514649214,0.9144090305444887,0.9616620111731844,0.8715822784810127,0.9144090305444887
sa_223750.json.jpg,sa_223750.json.json,"{'bbox': [1162.0, 1009.0, 44.0, 47.0], 'area': 1218, 'segmentation': {'size': [1500, 2254], 'counts': 'YUWe19`^15K4N2M2N2O1O1O1O1O00000N3N1O2N2O1O1O1O10000O101O001O1O100O02nNebN`0o]1L4L2O1N1O1N2O1O001N101O2M\\el_1'}, 'predicted_iou': 0.8841801881790161, 'point_coords': [[1173.53125, 1028.4375]], 'crop_box': [871.0, 494.0, 1383.0, 1006.0], 'id': 1217702622, 'stability_score': 0.9660193920135498}",0.8570359281437125,0.9230149133413946,0.9065716547901821,0.9400656814449918,0.9230149133413947
sa_223750.json.jpg,sa_223750.json.json,"{'bbox': [1254.0, 906.0, 14.0, 137.0], 'area': 1552, 'segmentation': {'size': [1500, 2254], 'counts': 'cl]i13[^1o0YNg1UO<@?]Oc0N1O1O1001O0O3Ma0ZOj0iLnPR]1'}, 'predicted_iou': 0.9167178273200989, 'point_coords': [[1259.96875, 965.5625]], 'crop_box': [871.0, 494.0, 1383.0, 1006.0], 'id': 1217702623, 'stability_score': 0.9783024787902832}",0.9014167650531287,0.9481527475939149,0.9149191132414619,0.9838917525773195,0.9481527475939149
sa_223750.json.jpg,sa_223750.json.json,"{'bbox': [456.0, 793.0, 28.0, 233.0], 'area': 3331, 'segmentation': {'size': [1500, 2254], 'counts': 'Znld0d0j]1`0@?E;E:I8G8H7iNX1K5J6K4H7G9G7F901O00N1@?WOg0M<I8^Oc0@>]Od0D<J6GUan`2'}, 'predicted_iou': 0.9157848358154297, 'point_coords': [[475.40625, 839.8125]], 'crop_box': [0.0, 494.0, 1383.0, 1006.0], 'id': 1217702624, 'stability_score': 0.9727568626403809}",0.9025936599423631,0.948803392911239,0.9575053500458576,0.9402581807265086,0.948803392911239
sa_223750.json.jpg,sa_223750.json.json,"{'bbox': [447.0, 1165.0, 51.0, 334.0], 'area': 5388, 'segmentation': {'size': [1500, 2254], 'counts': 'hW`d05a^18I5K6J5G9F:H8H8L4J6K4M4L3M3L3L4J3N2N1O1O1J2OL7204[OlL^eNX3[Z1d0N4H7L3O0M2F<K6@>H7O34I7I8G:H7E<F:H8E;E;H9B=G:]Od0ZOgeY`2'}, 'predicted_iou': 0.9168025851249695, 'point_coords': [[475.40625, 1279.9375]], 'crop_box': [0.0, 494.0, 1383.0, 1006.0], 'id': 1217702625, 'stability_score': 0.9705613255500793}",0.9039120245177573,0.9495312943850014,0.9692634834718732,0.9305864884929473,0.9495312943850014
sa_223750.json.jpg,sa_223750.json.json,"{'bbox': [547.0, 816.0, 20.0, 200.0], 'area': 2636, 'segmentation': {'size': [1500, 2254], 'counts': 'nVRi0h0n]1b0]O=mN`NPdNP2k[1c0J6D<[MhLYgNc5cX1<O2N200O01M3gNY1]Od0F9K7J7\\Od0hMdoT]2'}, 'predicted_iou': 0.9084597826004028, 'point_coords': [[561.84375, 839.8125]], 'crop_box': [0.0, 494.0, 1383.0, 1006.0], 'id': 1217702626, 'stability_score': 0.973457932472229}",0.8542928393302458,0.9214217098943324,0.9334371350720124,0.909711684370258,0.9214217098943325
sa_223750.json.jpg,sa_223750.json.json,"{'bbox': [97.0, 988.0, 43.0, 59.0], 'area': 1594, 'segmentation': {'size': [1500, 2254], 'counts': 'RR_42i^14M2M3N1N3N2N2M2O2M3N2M2O2M2O2M2O2N2M2O2N1O2M2O1O1O2N1O1O1O10O01O0001O0O2L4A>E<J6L5K4MiWfP3'}, 'predicted_iou': 0.8941085338592529, 'point_coords': [[129.65625, 1028.4375]], 'crop_box': [0.0, 494.0, 1383.0, 1006.0], 'id': 1217702627, 'stability_score': 0.9783012866973877}",0.9417067307692307,0.9699783348808418,0.9572388515577276,0.9830614805520702,0.9699783348808418
sa_223750.json.jpg,sa_223750.json.json,"{'bbox': [1433.0, 766.0, 24.0, 350.0], 'area': 5500, 'segmentation': {'size': [1500, 2254], 'counts': 'RlcQ2i18k1iX1n2WO9K0XhNUJ`V1^8hN7G4L4O3KO1M5K8H:F:E=ZIXjN^3_V1^KSjN]4[X1K7Id0UKleNf3jZ1K5J[1fNl0ROn0oNXn\\T1'}, 'predicted_iou': 0.8994383215904236, 'point_coords': [[1432.84375, 902.6875]], 'crop_box': [871.0, 494.0, 1383.0, 1006.0], 'id': 1217702628, 'stability_score': 0.9585483074188232}",0.8660955100745676,0.928243496004081,0.8717662088789524,0.9925454545454545,0.928243496004081
sa_223750.json.jpg,sa_223750.json.json,"{'bbox': [34.0, 325.0, 25.0, 56.0], 'area': 890, 'segmentation': {'size': [1500, 2254], 'counts': '_Ub11h^17I4M2L5K4K5K5K5J6M3L4N1O2O01O001M3L4M3M3M4M3L5H:^Oia]T3'}, 'predicted_iou': 0.8944337964057922, 'point_coords': [[43.21875, 345.8125]], 'crop_box': [0.0, 0.0, 1383.0, 1006.0], 'id': 1217702629, 'stability_score': 0.9722530245780945}",0.8862461220268872,0.9396929824561403,0.917558886509636,0.9629213483146067,0.9396929824561404
sa_223750.json.jpg,sa_223750.json.json,"{'bbox': [1653.0, 82.0, 600.0, 1025.0], 'area': 485584, 'segmentation': {'size': [1500, 2254], 'counts': ']fe[24g^13N2M4L3L3N2UOFPcN=l\\1IPcN9n\\1l0O0O2ldNYOPX1i0cgN0nW13^gN[1fW1gNRhNo1]W1WNZhN`2iV1PNnhNe2`V1a3YO`0cWO^G`9Z9`EbGn9j8bE_GZ:Y9iDnFU;`9k[OWEW5f1j>Z9U[OaDfNm0l6b1V?S9UZOXD1X2Y6c0_?]<n_OoCP`0Z<]_OQDc`0U<P_OSDn`0Y<d^OjC\\a0\\<\\^OfCca0d<Q^O`Cna0X=m\\OUCRc0n=\\[ObBcd0m=kZOWBUe0hc0O010O10O0100O010O10000O10O10O10000O10O10O10000O100O100O00100O1O100O10O10O1000000O100O010O100O100O100O100O1O010O100O1000000O0100000O1000000O010O100O010O100O010O2O000O2O001N1000000O2O000O100O2O002N2M4M3M2M3N1O4L5J8I6J5K3L5L3M3M1N3N1O1N2O1O0O2O1O0O2O000O101N10000O100000000O10000O10000O01000O010O100O10000O10000O1000O01000000O10000O100O10O1000O10000O100O100O100O010O10000O1000000O100O100O1O100O1O1O1O001O100O101O00000O10000O10000O100O10000O1000001N1000000000000O1000000O1000000O10000O100O10000O10000O10000O100O10000O100O10000O100O1O10000O10000O1000000O1000000O10000O100O10000O100O10000O1000000O10000O10000O10000O10000O10000O01000O100O10000O10001N100O1000O10O10000O10000O10000O100O100O100O100O10000O100O10000O100O100O1O1O100O10000O10000O10000O10000O1O100O1O1O1O1O100O1O1O1O1O1O1O100O1O1O1O1O1N2O1O10_QO^Ahl0b>SSOiAgl0V>VSOPBhl0o=USOYBgl0g=WSO^Bfl0b=WSOcBgl0]=WSOhBfl0X=XSOlBfl0U=WSOPCfl0Q=TSOWCil0b?L3M2N3M3M3M3M4L3M3M4L3M5K4L3M3N2M3M3M5K6J5K4L4L4L4L3M3M4L4L4L3M3M4L4L3M4L4L5K4M2M2N4K7J5K5K5K6J5K4L5K3N2M5K7I4L3M4L5K5K3M4L4L4L4L6J7I4L2N4L6J7I6J6I6K5K3M3M3M4L5K3M4L4L4L5K6J4L5K4L5K5K6J5K2N1O2N1O1O1O1O1O1O1O1O2N1O1O1O1O1O001O00100O1O2N2N2N3M4L7I4L6J4L4L8H4L4L;E6J4L2N3M7I7I6J5K8H=D9F4L3M6J6J4L3M5K4L4L4L7I<C4M3M1O0000\\WO'}, 'predicted_iou': 0.9908349514007568, 'point_coords': [[1937.03125, 492.1875]], 'crop_box': [0.0, 0.0, 2254.0, 1500.0], 'id': 1217702630, 'stability_score': 0.9760549664497375}",0.9292263133690154,0.9633149899830091,0.949202484402518,0.9778534712840621,0.9633149899830091
sa_223750.json.jpg,sa_223750.json.json,"{'bbox': [0.0, 169.0, 43.0, 170.0], 'area': 3308, 'segmentation': {'size': [1500, 2254], 'counts': 'n7f2V\\1000O0M011L120O2O0O00O1000O2OO1001N1O00110O11O2N2N2M4M2N3M3M3M3L4M3L5K4J6L4L5J6K5I7I9G]TUU3'}, 'predicted_iou': 0.9422312378883362, 'point_coords': [[35.21875, 210.9375]], 'crop_box': [0.0, 0.0, 2254.0, 1500.0], 'id': 1217702631, 'stability_score': 0.9805563688278198}",0.9363095238095238,0.9671072855825392,0.983739837398374,0.9510278113663845,0.9671072855825391
sa_223750.json.jpg,sa_223750.json.json,"{'bbox': [1290.0, 857.0, 49.0, 78.0], 'area': 3150, 'segmentation': {'size': [1500, 2254], 'counts': 'TaRk1>X^17J6I6J6M4M2N2O2N1O1O2N1N2O2N1N3N1N2O2M2O1O101N1O101O00001O001O001O0000001O00000000000001M3M5J6De0lNSQjY1'}, 'predicted_iou': 0.8889951705932617, 'point_coords': [[1303.09375, 914.0625]], 'crop_box': [0.0, 0.0, 2254.0, 1500.0], 'id': 1217702632, 'stability_score': 0.9770800471305847}",0.9103302029687973,0.9530605772280368,0.9521546261089987,0.953968253968254,0.9530605772280368
sa_223750.json.jpg,sa_223750.json.json,"{'bbox': [869.0, 813.0, 33.0, 22.0], 'area': 676, 'segmentation': {'size': [1500, 2254], 'counts': 'QhiW1:`^14L3N101N100O2O00000O100000000000000000000001O00000O2O0O2O1N2N2N3LaVjm1'}, 'predicted_iou': 0.9084645509719849, 'point_coords': [[880.46875, 820.3125]], 'crop_box': [0.0, 0.0, 2254.0, 1500.0], 'id': 1217702633, 'stability_score': 0.9808542132377625}",0.9477401129943502,0.9731689630166788,0.9544807965860598,0.992603550295858,0.9731689630166788
sa_223750.json.jpg,sa_223750.json.json,"{'bbox': [1520.0, 616.0, 64.0, 561.0], 'area': 10978, 'segmentation': {'size': [1500, 2254], 'counts': 'bUcU26a^1=F<E?A?Ba0^O`0A8H`0A:F7I8H:G:F:F;F6M4M;D5L4N19G2N23L6H4J;HM022MN50N112J8I4M14N>A=@6I;F3M5NM1I8H;E9F;E<Ce0[O<E9F;E9G<C?Ba0_Oc0]O:Fb0]O=C<C:FZkbn0'}, 'predicted_iou': 0.9148974418640137, 'point_coords': [[1584.84375, 1148.4375]], 'crop_box': [0.0, 0.0, 2254.0, 1500.0], 'id': 1217702634, 'stability_score': 0.9665234684944153}",0.8695652173913043,0.9302325581395349,0.9912416280267903,0.876298050646748,0.9302325581395349
sa_223750.json.jpg,sa_223750.json.json,"{'bbox': [1566.0, 1176.0, 28.0, 323.0], 'area': 6458, 'segmentation': {'size': [1500, 2254], 'counts': 'ZSgW2g1P]1c0@`0A`0@=DU1kNS2mM=Ba2`M3M1O1O1O10O002N1O3Mb0^Oh0XOb0^O;E`0@P2oMo0QOS1mN;E<C[nSn0'}, 'predicted_iou': 0.9078291654586792, 'point_coords': [[1584.84375, 1242.1875]], 'crop_box': [0.0, 0.0, 2254.0, 1500.0], 'id': 1217702635, 'stability_score': 0.983410120010376}",0.9567834542367649,0.9779144975548194,0.9966237942122187,0.9598947042427997,0.9779144975548194
sa_223750.json.jpg,sa_223750.json.json,"{'bbox': [2106.0, 185.0, 147.0, 579.0], 'area': 42184, 'segmentation': {'size': [1500, 2254], 'counts': 'cT]P3=^^14M4K5L4L4L4L3M4L3M4L4L3N2M4L4L4L4L4M3L4L4L4L4L4L4M3L3M4L4L4L2N4M5J7I6J5K4M5J4L4L4L4L5K6K4K2N3M4L5L3L3M5K4L5L3L5K3M3M3M3N3L5K7I6J6J2O1N3M4L3M2O1N2N6J9G:F4L4M4K5K3M3M3M3N1N3M2N1O2N101N1O1O1O1O100O1O1O1O100O1O1O1O00100O1O1O2N2N2N4L;F4K6J6J4L5K4M7H<D9G3M3M3N2M6J5K7I9G`0@7I5L4K4L4L6J4M3L5K4L5K1O000aI'}, 'predicted_iou': 0.885636031627655, 'point_coords': [[2148.34375, 304.6875]], 'crop_box': [0.0, 0.0, 2254.0, 1500.0], 'id': 1217702636, 'stability_score': 0.9790189862251282}",0.97724202189611,0.9884900392304702,0.98252886484461,0.9945239901384411,0.9884900392304702
sa_223750.json.jpg,sa_223750.json.json,"{'bbox': [142.0, 763.0, 115.0, 10.0], 'area': 968, 'segmentation': {'size': [1500, 2254], 'counts': 'Uh`63g^14N0000000000000000000000000000001O000000000000000000001O000000000001O0000000000000000O100001O00000000000000000000000001O00000000000000000000000000000000000000000000000000000000000010O000000000000000000000000000000000000001O00001NbR[k2'}, 'predicted_iou': 0.913679838180542, 'point_coords': [[236.25, 771.6875]], 'crop_box': [0.0, 311.0, 756.0, 567.0], 'id': 1217702637, 'stability_score': 0.9744376540184021}",0.8127413127413128,0.8966986155484558,0.9252747252747253,0.8698347107438017,0.8966986155484558
sa_223750.json.jpg,sa_223750.json.json,"{'bbox': [42.0, 1274.0, 60.0, 62.0], 'area': 1811, 'segmentation': {'size': [1500, 2254], 'counts': 'Yjn13g^13N101N1O100O1O100O1O1O2N1O100O100O101N1O1O1N2N3L3M3M3N2N2O1O1O1O1O100O001O100O1O010O001O00010O0010O000QOPcN4o\\1KYcNNh\\10ccNE^\\1:S1N2N2N1M6J\\d]R3'}, 'predicted_iou': 0.9224263429641724, 'point_coords': [[47.25, 1322.8125]], 'crop_box': [0.0, 933.0, 756.0, 567.0], 'id': 1217702638, 'stability_score': 0.97921222448349}",0.9362041467304625,0.9670510708401977,0.9617695248498088,0.9723909442297074,0.9670510708401977
sa_223750.json.jpg,sa_223750.json.json,"{'bbox': [0.0, 1218.0, 219.0, 247.0], 'area': 4528, 'segmentation': {'size': [1500, 2254], 'counts': 'X]1b0Z^10OO1000000001O000000001N10000O10000O1000000O10001OO1000000000000O1000000O10O01000000O010000000000000000000000000000O1000000O01000000000O010000000000000O0100000000O1000O10O100000000O10000000000000000O0100000000000000O101O0000000O1000000000O1000000O10O10O10O10O10000O01000000O01001O00000O010000000O0100O1000O100000O10O2O0000O100000O10000O1000O01001N1000O11O0O100000O10O1000O100000O1000000O1001O00O020N1000001O001O1O1O1O1N2O1O1O1O001O1O1M3NhYRm2'}, 'predicted_iou': 0.9232580661773682, 'point_coords': [[47.25, 1393.6875]], 'crop_box': [0.0, 933.0, 756.0, 567.0], 'id': 1217702639, 'stability_score': 0.9664502143859863}",0.9108770508405915,0.9533601865592538,0.9166326946596005,0.9931537102473498,0.9533601865592538
sa_223750.json.jpg,sa_223750.json.json,"{'bbox': [611.0, 823.0, 13.0, 184.0], 'area': 1812, 'segmentation': {'size': [1500, 2254], 'counts': 'Rnok0:62Z\\1FdcNT3R[1c0C<^Oa0TOk0K5N110OO2L4iLngNQOfX19Z3TO^^aZ2'}, 'predicted_iou': 0.9585726261138916, 'point_coords': [[614.25, 940.9375]], 'crop_box': [0.0, 622.0, 756.0, 567.0], 'id': 1217702640, 'stability_score': 0.976047933101654}",0.9161864850707176,0.9562602515035539,0.9474539544962081,0.9652317880794702,0.9562602515035539
sa_223750.json.jpg,sa_223750.json.json,"{'bbox': [186.0, 819.0, 52.0, 273.0], 'area': 8034, 'segmentation': {'size': [1500, 2254], 'counts': '^`a88Z^1<_O?C>@`0WOh0UOl0G8M4J5I7J7H7I7H8H8L3O2K5[Oe0F:F9J7H7G9I7OO1O2K5G:G9H8D;M4J6C=G8H9F:F:H7F;G8J7E:D=L4F:G9G9D=_Og0nNWbN5`YXl2'}, 'predicted_iou': 0.9483017921447754, 'point_coords': [[236.25, 870.0625]], 'crop_box': [0.0, 622.0, 756.0, 567.0], 'id': 1217702641, 'stability_score': 0.9722597002983093}",0.9163141648565223,0.9563297935807183,0.9183088909257562,0.9976350510331092,0.9563297935807182
sa_223750.json.jpg,sa_223750.json.json,"{'bbox': [417.0, 951.0, 13.0, 80.0], 'area': 882, 'segmentation': {'size': [1500, 2254], 'counts': 'iiSc0R1_]1`0VOh0J4N1O1O10O1N2L5H7E<ZOg0Cd_]c2'}, 'predicted_iou': 0.8816646933555603, 'point_coords': [[425.25, 1011.8125]], 'crop_box': [0.0, 622.0, 756.0, 567.0], 'id': 1217702642, 'stability_score': 0.9786995649337769}",0.8891352549889135,0.9413145539906104,0.975669099756691,0.909297052154195,0.9413145539906103
sa_223750.json.jpg,sa_223750.json.json,"{'bbox': [46.0, 1024.0, 53.0, 142.0], 'area': 2651, 'segmentation': {'size': [1500, 2254], 'counts': '\\`T27b^15K4L4L3L4L4M3L4M3L4L4M3M3N2M3M2O0N1O1M30O2O1O00O001OO010O3M3O10O1M3@QNncNU2U\\180N3M3K5L4M3M3M4K6J5J6L5K5L4K4M4K6JZXbR3'}, 'predicted_iou': 0.9243624210357666, 'point_coords': [[47.25, 1153.5625]], 'crop_box': [0.0, 622.0, 756.0, 567.0], 'id': 1217702643, 'stability_score': 0.9732341766357422}",0.8581009530533004,0.9236322188449848,0.9303482587064676,0.91701244813278,0.9236322188449848
sa_223750.json.jpg,sa_223750.json.json,"{'bbox': [510.0, 657.0, 77.0, 33.0], 'area': 684, 'segmentation': {'size': [1500, 2254], 'counts': 'kf[g01j^13M101O01O01O00001O10O01O010O0010O01O0001O00010O000010O0010O000010O001O01O01O0010O0001O01O01O010O0010O01O010O1O010O10O00010O0010O01O1O00100O1O10O0100O1O2MZhW\\2'}, 'predicted_iou': 0.88560551404953, 'point_coords': [[519.75, 657.4375]], 'crop_box': [0.0, 622.0, 756.0, 567.0], 'id': 1217702644, 'stability_score': 0.9596541523933411}",0.4517506404782237,0.6223529411764706,0.5206692913385826,0.7733918128654971,0.6223529411764706
sa_223750.json.jpg,sa_223750.json.json,"{'bbox': [986.0, 835.0, 22.0, 24.0], 'area': 501, 'segmentation': {'size': [1500, 2254], 'counts': 'PUU]1:`^1:G2O1N1000000000000000000O10O10001O0O2N2N7DVmnh1'}, 'predicted_iou': 0.8974820375442505, 'point_coords': [[1000.65625, 839.8125]], 'crop_box': [871.0, 494.0, 1383.0, 1006.0], 'id': 1217702645, 'stability_score': 0.9607072472572327}",0.8693379790940766,0.9301025163094129,0.8723776223776224,0.9960079840319361,0.9301025163094129
sa_223750.json.jpg,sa_223750.json.json,"{'bbox': [507.0, 657.0, 79.0, 64.0], 'area': 1696, 'segmentation': {'size': [1500, 2254], 'counts': '`[Wg06i]1P1B=L4N2M3N3NO01O000010O00001O0O1O1K6L3UOk0E<L30001O00001O01O0001O01O00010O001O01O01O0010O00010O01O010O00010O1O010O00100O010O00010O01O010O001O1O1O100O00100O1O1OVWY\\2'}, 'predicted_iou': 0.888361930847168, 'point_coords': [[519.75, 700.8125]], 'crop_box': [0.0, 311.0, 756.0, 567.0], 'id': 1217702646, 'stability_score': 0.9651769995689392}",0.7409579667644184,0.8512071869736103,0.812433011789925,0.8938679245283019,0.8512071869736103
sa_223750.json.jpg,sa_223750.json.json,"{'bbox': [507.0, 658.0, 21.0, 63.0], 'area': 1082, 'segmentation': {'size': [1500, 2254], 'counts': 'a[Wg04j]1R1B<L4N2M3O1N100O0001O010O1O001N1O2I7E;XOh0FiVn^2'}, 'predicted_iou': 0.9133304953575134, 'point_coords': [[519.75, 700.8125]], 'crop_box': [0.0, 311.0, 756.0, 567.0], 'id': 1217702647, 'stability_score': 0.9682683348655701}",0.9391534391534392,0.9686221009549796,0.9534467323187108,0.9842883548983364,0.9686221009549795
sa_223750.json.jpg,sa_223750.json.json,"{'bbox': [315.0, 509.0, 104.0, 33.0], 'area': 2533, 'segmentation': {'size': [1500, 2254], 'counts': 'om]>=]^13O1N2O1O1O001N100000000000000O100000000O10000000000O100000000O100000000O1000001O000O10000000000O100000000000000O1000O100000O01000000000O1000O2O00001O001O1O1N2O1O1O1O001O001O000O2O1O1O001N2O1O001O1O1O001O1O1NUPnc2'}, 'predicted_iou': 0.9324836134910583, 'point_coords': [[330.75, 531.5625]], 'crop_box': [0.0, 0.0, 756.0, 567.0], 'id': 1217702648, 'stability_score': 0.972730815410614}",0.887047031611411,0.9401430030643514,0.9741744284504658,0.9084090011843664,0.9401430030643515
sa_223750.json.jpg,sa_223750.json.json,"{'bbox': [268.0, 301.0, 69.0, 177.0], 'area': 2436, 'segmentation': {'size': [1500, 2254], 'counts': 'ZQY<1i^15I5L3M3N2M3M3N2L4N2M2M4N1N2N10O1OO20O00001O000000O1O101OO11O10N101OO2O01O001O0010OO1O0O200O2O01N100000O100000O101O01O2N2N3M3M3L4M3L5L3L6KS[fg2'}, 'predicted_iou': 0.9687932729721069, 'point_coords': [[330.75, 318.9375]], 'crop_box': [0.0, 0.0, 756.0, 567.0], 'id': 1217702649, 'stability_score': 0.977281928062439}",0.8924770642201835,0.9431840217180532,0.8937890481440647,0.9983579638752053,0.943184021718053
sa_223750.json.jpg,sa_223750.json.json,"{'bbox': [1635.0, 617.0, 100.0, 549.0], 'area': 9123, 'segmentation': {'size': [1500, 2254], 'counts': 'cTlZ2<V^1<G8H7I8E:B>I7K5K4I8I6K4M2O1M10N3J6M3NK32L6G9M2002E:L5G7M40L22NN4N2002L4M3M_Oa0N2O2M30M3K5H7L3D7M46L3L400100O1NO1N4N01O10O1N12N101OOO01J7N110I60M3O1O1O2M30M3OO2001N4M3L4N2L4L5M4J5I8J5M4K4K6H8K5I7K5I8H9GSVfg0'}, 'predicted_iou': 0.906120777130127, 'point_coords': [[1692.15625, 839.8125]], 'crop_box': [871.0, 494.0, 1383.0, 1006.0], 'id': 1217702650, 'stability_score': 0.9514126777648926}",0.8162193698949824,0.8988114359139094,0.8784929356357928,0.9200920749753371,0.8988114359139094
sa_223750.json.jpg,sa_223750.json.json,"{'bbox': [1494.0, 1141.0, 26.0, 356.0], 'area': 4853, 'segmentation': {'size': [1500, 2254], 'counts': 'cc]T2d1i\\1Z1POj0ZOc0]O>CS1mN>Bl0UO?Ad0lhNjGZV1W9A6G4c0VO?E9_O7Gf0YO>BZ1fN?Ak0UO`0@<Ch0YOk0ROe0ROjY`Q1'}, 'predicted_iou': 0.8937598466873169, 'point_coords': [[1519.28125, 1468.5625]], 'crop_box': [871.0, 494.0, 1383.0, 1006.0], 'id': 1217702651, 'stability_score': 0.9717422127723694}",0.9212288302481292,0.9589995899959,0.9541097287375077,0.9639398310323511,0.9589995899959
sa_223750.json.jpg,sa_223750.json.json,"{'bbox': [9, 854, 163, 59], 'area': 5036, 'segmentation': {'size': [1500, 2254], 'counts': 'mP>5f^13N2N1N201N1O1O2N1O1O2O0O1O00001O001O000000000000000001O0000000000000010O000000000000000010O00000000000001O0000000000000000000000001O0000000000000000001O00000000000000000O101O00000O100000000000001O0O1000000000001N1000000O101O0000000O101O000O2O3^bNfN\\]1b1K2N0O100000O100O100O001O1O1O1O1O001O100O010000O100O0100O1O1N2O1N2M2O3L3O1N2N3J:BX`Wo2'}, 'predicted_iou': 0.8845376372337341, 'point_coords': [[47.25, 870.0625]], 'crop_box': [0.0, 622.0, 756.0, 567.0], 'id': 1217702652, 'stability_score': 0.9597980380058289}",0.9100487804878049,0.9529063234242517,0.9812749842204923,0.926131850675139,0.9529063234242519
sa_223750.json.jpg,sa_223750.json.json,"{'bbox': [0, 0, 2253, 906], 'area': 936167, 'segmentation': {'size': [1500, 2254], 'counts': '0[5aY10000001O001O1O1O03NO001OO101N100O1O1O1O1O1O1O1O100O10000O10000001O00001O001O001O1O001O1O1O3gfNjJfX1i5M2N2N2N2N1O001O1O00001O001O001O00001O001O001O001O1O1O1O1O1O001O1O1O001O001O001O001O001O001O1O001O1O001O001O001O001O001O001O001O001O1O001O001O001O00010O001O00001O001O1O001O001O1O001O1O1O1O001O1O1O001O001O001O001O1O001O1O001O1O001O001O001O001O1O001O1O001O001O001O001O001O1O1O001O1O1O001O1O001O1O001O1O001O1O1O001O1O001O001O001O001O001O1O001O1O001O1O001O1O001O1O1N101O001O001O1O001O1O001O001O1O001O1O0O2L4O1O1O001O1O001O001O001O001O001O1O001O1O1O001O1O1O001O1O001O1O1O1O1O1O1O1O2N13MO1000O01O010O01O00000O2O0O101N1O2M3M2N3M2N3M2N3K4M3M4M2MCaFckN]9_T1dF`kNW9eT1jF[kNQ9iT1oFWkNn8lT1SGSkNk8oT1UGQkNi8QU1XGojNe8SU1[GmjNd8TU1]GkjNb8VU1^GjjNa8WU1`GhjN_8h1^GZQ13nlN_8e1dGZQ1NQmN\\8c1kGZQ1ISmN\\8_1PH]Q1ETmNZ8\\1UH_Q1AVmNY8X1[H`Q1]OXmNW8U1`HbQ1ZOYmNU8Q1fHeQ1VOZmNS8n0kHgQ1SOZmNR8l0oHiQ1oN\\mNR8h0QIlQ1nN[mNQ8f0UInQ1jN]mNQ8a0XIRR1gN^mNP8=]ITR1dN^mNP88aIZR1_N^mNQ80gIbR1XN_mNd:`R1]E_mNc:aR1]E`mNc:_R1]EamNc:_R1^EamNb:^R1^EcmNa:]R1_EcmNb:\\R1_EdmN`:\\R1aEcmN`:\\R1`EemN`:ZR1aEemN_:[R1aEfmN_:YR1bEfmN_:YR1aEhmN_:WR1bEhmN_:WR1aEimN`:VR1`EkmN`:TR1aEkmN`:TR1`ElmNa:SR1_EnmN`:RR1aEmmN`:RR1`EomN`:PR1`EQnN`:nQ1`ERnN`:nQ1aEQnN`:nQ1`ESnN`:lQ1`ETnNa:kQ1`EUnN`:jQ1`EVnNa:iQ1`EVnN`:jQ1`EWnN`:hQ1aEWnN`:hQ1`EXnNa:gQ1`EYnN`:fQ1`EZnNa:eQ1`EZnNa:eQ1_E[nNb:dQ1_E[nNb:dQ1^E]nNb:bQ1^E^nNc:aQ1^E^nNc:aQ1]E_nNc:aQ1]E`nNc:_Q1]EanNd:^Q1]EanNc:_Q1]EbnNc:]Q1]EcnNd:\\Q1]EdnNc:[Q1]EfnNc:YQ1]EgnNd:XQ1]EhnNd:VQ1\\EjnNe:UQ1[ElnNe:SQ1\\ElnNe:SQ1[EmnNf:RQ1ZEonNf:PQ1[EonNe:QQ1[EPoNe:oP1[EQoNf:nP1[EQoNe:oP1[EQoNf:nP1[EQoNe:oP1\\EQoNd:nP1\\ERoNd:nP1]EQoNd:nP1\\ERoNd:nP1]EQoNd:nP1\\ESoNd:lP1\\EToNe:kP1\\EToNe:kP1[EVoNe:iP1[EWoNe:iP1\\EWoNd:hP1\\EYoNd:fP1\\EZoNd:fP1]EZoNc:eP1]E[oNd:dP1]E\\oNc:cP1^E\\oNc:cP1^E\\oNc:cP1^E]oNb:bP1^E^oNc:aP1^E_oNb:`P1^EaoNa:_P1_EaoNb:^P1_EboNa:]P1_EdoNa:[P1`EeoN`:ZP1`EfoNa:YP1_EhoNa:WP1`EhoNa:WP1_EjoNa:UP1_EloNa:SP1`EloN`:TP1`EloNa:SP1`EmoN`:RP1`EnoNa:QP1`EnoNa:QP1`EooN_:QP1aEooN`:PP1aEPPO_:oo0aEQPO`:no0`ESPO`:lo0aESPO`:lo0`ETPOa:ko0_EVPOa:io0`EVPOa:io0_EXPOa:go0_EYPOb:fo0_EYPOb:fo0^E[POa:eo0_E[POb:do0_E\\POa:co0`E\\POa:co0_E]POb:bo0_E^POa:ao0`E^POa:ao0`E^POb:`o0^E`POd:^o0\\EcPOe:[o0\\EdPOe:[o0[EePOf:Zo0ZEfPOf:Zo0[EfPOe:Yo0[EgPOe:Yo0[EgPOf:Xo0ZEiPOe:Wo0[EiPOf:Vo0ZEjPOf:Vo0ZEkPOf:To0[EkPOe:Uo0[ElPOe:So0[EnPOd:Ro0\\EoPOd:Po0\\EQQOc:on0]EQQOd:nn0]ERQOc:mn0\\EUQOc:kn0]EVQO_1AfL6ONN33K11k5Vo0nKXQOCK\\No4d0eJY3[o0QN[QOVNW8P3af0gNe[O2`d0KW\\OXORd0f0S=N2O1O1O100000000001O00001O2N2N2ZcNXNT\\1g2QfNlMXV1V2aiNb1jMoK`T1a2`mNf3PQ1]LinN\\5bo0mJTPOf7Zm0]HbROi7Ym0ZHiROd7Tm0_HkROa7Sm0cHjRO]7Um0gHiROX7Vm0mHfROS7Ym0QIdROP7Zm0TIcROl6\\m0XIaROh6^m0[IaROd6^m0^IcRO`6\\m0bIfRO\\6Xm0gIgROX6Xm0kIgROT6Xm0oIgROP6Xm0QJiROn5Vm0UJiROi5Wm0YJiROf5Vm0\\JkROb5Tm0`JmRO]5Sm0fJmROX5Rm0mJlROP5Tm0TKlROi4Sm0YKoROc4Qm0^KRSO_4ml0cKSSO\\4ll0eKVSOX4ml0hKSSOV4ll0nKRSOQ4ml0RLRSOm3ml0VLSSOg3ml0\\LSSOb3ll0`LTSO_3kl0cLUSO[3kl0gLUSOX3kl0jLTSOU3kl0nLTSOQ3kl0SMSSOl2ll0WMVSOd2jl0^MVSOa2il0dMTSO[2kl0gMUSOX2jl0jMVSOT2jl0nMWSOP2hl0QNZSOm1el0VN[SOg1el0[N[SOd1dl0^N\\SOa1cl0aN]SO^1bl0dN_SOY1al0hNaSOV1^l0kNdSOS1[l0POfSOl0Zl0WOeSOh0Zl0[OeSOc0[l0AeSO<Zl0GfSO7Yl0LfSO2Zl02eSOLZl06fSOIYl09hSOEWl0=iSOCUl0`0kSO^OTl0f0jSOYOUl0j0kSOTOl7UHY;j8l\\OnNe7bHZ;c8P]OiNe7fHZ;d8o\\OfNe7hH[;c8Q]OdNb7kH\\;c8Q]ObNb7jH^;f8P]O_Na7jH`;i8n\\O\\Na7kHc;k8n\\OVN^7mHf;P9m\\OPN\\7nHi;T9j\\OnM\\7mHk;X9h\\OjM\\7lHn;]9e\\OeM]7mHo;`9e\\OaM[7mHR<d9c\\O^MZ7mHT<g9c\\OYMZ7nHT<k9c\\OUMX7nHW<o9a\\ORMX7mHX<S:a\\OnLfk0T3[TOiLek0Y3\\TOeLck0]3^TOaLak0`3aTO]L_k0f3`TOYL_k0i3aTOVL^k0m3aTOQL_k0R4aTOlK^k0Y4`TOdK`k0a4^TO]Kak0g4^TOVKbk0l4^TOSKak0o4`TOoJ_k0S5aTOkJ_k0W5aTOhJ^k0[5aTOdJ^k0_5aTO`J^k0b5bTO]J]k0e5dTOYJ[k0i5eTOUJ[k0m5eTORJZk0P6eTOPJZk0Q6gTOmIYk0U6gTOjIXk0Y6gTOfIXk0]6hTOaIWk0b6jTO[IUk0g6kTOWIUk0m6iTORIVk0P7jTOoHUk0T7iTOlHVk0U7lTOhHTk0Z7nTOcHQk0_7QUO^Hnj0d7RUO[Hmj0g7RUOYHmj0i7SUOUHmj0l7TUOSHf7WKV:h<T^OPH]6[KhHg0db0P<W^OmGo5QMj;T;X^OhGh5[Mo;P;X^OdGf5]MS<R;V^O`Gd5_MW<T;T^O[Gd5aMY<X;P^OWGe5bM[<Z;P^ORGc5dM^<\\;P^OnF`5gM`<];P^OkF_5hMa<_;P^OhF]5iMd<`;P^OfFl3cK`LX2da0a;o]OdFU3lLcLQ1Zb0b;n]O^FR2XN^MIcb0e;k]OYFe1b1a`0W8j]OVF]1j1i`0S8h]OSFV1Q2Sa0n7g]OoEP1Y2Ya0i7h]OmEi0^2`a0g7g]OjEf0`2da0g7g]OhEc0b2fa0i7g]ObEc0d2ga0m7e]O^Ec0e2ha0o7f]OZEa0f2ja0V8b]OREc0g2la0Z8a]OlDd0i2ka0\\8b]OjDb0i2ma0^8b]OhD`0j2na0_8b]OfD`0j2oa0a8b]OdD?i2Pb0e8a]OaD>j2Qb0f8c]O]D<l2Rb0h8d]OZD:l2Sb0k8d]OXD8m2Tb0m8d]OTD9m2Tb0Q9b]ORD9l2Vb0T9a]OoC8l2Xb0X9^]OkC;k2Xb0^9Z]OgC>i2Yb0c9W]OdC`0g2Zb0h9U]O_Cc0f2Yb0n9T]OZCc0f2Zb0S:S]OTCd0h2Yb0V:S]OQCd0g2Zb0Y:S]OoBc0f2[b0]:Q]OlBe0f2Zb0_:Q]OkBd0e2\\b0b:o\\OiBd0e2]b0d:o\\OfBd0e2]b0g:o\\OcBc0e2_b0k:m\\O^Bd0g2_b0l:n\\O\\Bb0h2`b0n:n\\OYBa0h2bb0P;n\\OVB`0j2bb0R;m\\OTBa0h2cb0U;m\\ORB?i2db0W;m\\OoA>i2fb0Z;m\\OkA<k2gb0\\;l\\OiA=i2hb0c;h\\OcA?j2ib0e;h\\O`A>j2kb0h;h\\O\\A<l2lb0i;i\\OZA;k2nb0k;h\\OYA9l2ob0l;i\\OWA7m2ob0o;j\\OSA6n2Pc0P<k\\OQA4o2Qc0Q<k\\OPA4n2Qc0S<l\\On@2n2Sc0V<j\\Ol@2n2Tc0W<j\\Oj@3n2Sc0Z<i\\Oh@3n2Tc0\\<h\\Of@3o2Tc0]<h\\Oc@4P3Tc0`<g\\O_@4Q3Uc0b<h\\O[@2T3Uc0c<k\\OV@0V3Uc0f<j\\OT@0W3Uc0h<j\\OP@0X3Wc0h<j\\Oo_ONZ3Wc0i<j\\Om_OOY3Wc0k<k\\Ok_OMZ3Wc0m<m\\Oh_OL[3Vc0o<m\\Of_OL[3Wc0Q=l\\Oc_OM\\3Wc0S=k\\Oa_OM\\3Xc0U=k\\O]_OM_3Wc0U=l\\O\\_OL_3Xc0V=m\\OY_OKa3Xc0W=l\\OY_OK`3Yc0Y=k\\OV_OLa3Yc0[=j\\OT_OLb3Yc0\\=k\\OQ_OKc3Zc0]=m\\Om^OIf3Zc0a=l\\Og^OIh3[c0d=j\\Od^OJh3]c0d=j\\Ob^OJi3\\c0f=j\\Oa^OIi3]c0h=j\\O^^OGj3`c0i=i\\ORDXc0P<g\\OnCZc0S<f\\OjC[c0Y<d\\OeC]c0\\<c\\ObC^c0`<b\\O]C_c0d<b\\OXC`c0i<`\\OUCac0l<`\\OPCbc0P=_\\OlBdc0V=[\\OgBgc0Z=Z\\ObBhc0`=X\\O\\Bjc0g=T\\OWBmc0j=S\\OSBoc0n=Q\\O]Add0c>\\[OWAhd0k>X[OQAkd0P?U[On@ld0T?S[Oj@nd0X?R[Oe@od0]?Q[O`@Pe0a?P[O]@Qe0d?P[OY@Qe0g?P[OW@Qe0j?nZOU@Se0l?mZOS@Se0o?lZOo_OUe0S`0kZOj_OVe0W`0jZOh_OVe0Y`0kZOd_OVe0]`0jZOb_OWe0^`0iZO`_OXe0a`0hZO]_OYe0d`0fZO\\_OZe0d`0gZOZ_OZe0g`0fZOW_O[e0j`0eZOT_O\\e0l`0eZOS_O[e0n`0eZOP_O[e0Qa0fZOm^O[e0Ta0eZOj^O\\e0Va0dZOj^O\\e0Wa0cZOh^O^e0Xa0cZOf^O^e0[a0aZOd^O`e0]a0_ZOb^Obe0_a0]ZOa^Oce0aa0[ZO^^Oge0ca0WZO\\^Oje0fa0TZOY^Ome0ia0RZOU^Ooe0Pb0mYOn]OTf0Sb0kYOl]OUf0Ub0kYOi]OWf0Wb0jYOg]OWf0Yb0iYOf]OXf0Zb0iYOd]OXf0\\b0hYOc]OYf0]b0hYO`]OZf0`b0fYO^]O\\f0cb0cYO\\]O^f0db0bYOZ]O`f0fb0`YOY]Oaf0hb0^YOV]Odf0`e02M2O1O1N2O1N2O1N2O0O2N2N2N2N2N2M3N2N3M2cMVXOg]Okg0Wb0WXOg]Okg0Yb0VXOd]Olg0[b0VXOb]Okg0^b0XXO_]Oig0ab0XXO\\]Ojg0cb0YXOZ]Ohg0fb0YXOW]Oig0ib0XXOW\\OD4Uh0dc0ZXOV\\OB3Vh0gc0YXOT\\OEOUh0mc0XXOo[OOEog0\\d0YXOe[Oah0[d0P1000000O2O00000001O0O100000001O001O001O001O001O0QXOb[O`e0_d0PYOe[ON=of0nc0RYOh[OK>Qg0kc0RYOi[OJ`0Rg0gc0SYOk[OHb0FWOPg0]d0aYOk[OET1gf0Qc0cYOm[OBW1if0mb0cYOn[OBV1kf0lb0cYOn]O\\f0Sb0cYOm]O]f0Sb0bYOn]O^f0Sb0aYOl]O`f0Ub0^YOl]Obf0Tb0^YOl]Obf0Ub0\\YOk]Off0Ub0XYOl]Ohf0Ub0RYOP^Onf0od00O100O100O100O010O1O1O1O1O1O1O1O1O1O100O1O100O1O100O1O100O1O100O2N100O100O100O1O010O100O100O100O100O100O100O100O100O100O100O100O100O10001N100000000001N10001O001O001O1O001O1O001O001O001O1O001OWNTXOb\\Olg0^c0UXOb\\Ojg0^c0VXOb\\Ojg0^c0VXOc\\Oig0]c0WXOc\\Oig0]c0WXOc\\Oig0\\c0XXOe\\Ogg0[c0XXOf\\Ohg0Zc0XXOf\\Ohg0Zc0XXOg\\Ogg0Yc0YXOh\\Ofg0Wc0\\XOh\\Odg0Xc0\\XOi\\Ocg0Wc0]XOi\\Ocg0Wc0]XOj\\Obg0Vc0^XOk\\Oag0Tc0`XOl\\O`g0Tc0aXOl\\O^g0Tc0bXOm\\O]g0Sc0cXOm\\O]g0Sc0cXOn\\O\\g0Rc0cXOo\\O]g0Qc0cXOP]O\\g0Pc0dXOP]O\\g0ob0eXOR]OZg0nb0fXOS]OYg0mb0gXOT]OXg0lb0gXOU]OYg0kb0gXOV]OXg0jb0hXOW]OWg0ib0iXOW]OWg0ib0iXOX]OVg0hb0jXOY]OUg0gb0kXOY]OUg0gb0kXOZ]OTg0fb0lXOZ]OTg0fb0lXO[]OSg0eb0mXO\\]ORg0db0mXO]]OSg0cb0mXO^]ORg0cb0mXO^]ORg0bb0nXO_]OQg0ab0nXOa]OQg0`b0nXO`]ORg0`b0nXOa]OQg0Ve0O010N101O001O001O00001O00nLUYOT^Ojf0la0WYOS^Oif0ma0XYOS^Ogf0la0ZYOU^Oef0ka0[YOV^Odf0ja0\\YOV^Odf0ja0\\YOW^Ocf0ia0]YOX^Obf0ha0^YOY^Oaf0fa0`YO[^O_f0ea0aYO[^O_f0ea0aYO\\^O^f0da0bYO]^O]f0ca0cYO^^O\\f0ba0dYO^^O\\f0ba0dYO_^O[f0aa0eYO`^OZf0`a0fYO`^OZf0_a0gYOb^OXf0^a0hYOb^OXf0^a0hYOc^OWf0]a0iYOc^OXf0\\a0hYOe^OWf0[a0iYOf^OVf0Za0jYOf^OVf0Za0jYOg^OTf0Za0lYOg^OSf0Xa0nYOh^ORf0Xa0mYOj^ORf0Va0nYOk^OQf0Ua0oYOk^OQf0Ua0oYOl^OPf0Ta0PZOl^OPf0Ta0PZOm^Ooe0Sa0PZOo^Ooe0Ra0PZOn^OPf0Ra0oYOP_OPf0Pa0PZOQ_Ooe0od0O1O1O1O1O1O001O1O001O0000O1O100O1O2N100O1O100O1jKoYO`_ORf0``0nYO`_OQf0``0PZO__OQf0a`0PZO]_OQf0c`0oYO]_OQf0b`0PZO]_OQf0c`0oYO\\_ORf0d`0nYO[_OSf0e`0mYO[_OSf0e`0mYOZ_OTf0e`0mYOY_OUf0g`0kYOX_OVf0h`0jYOW_OWf0i`0iYOU_OYf0k`0gYOT_OZf0l`0fYOR_O\\f0m`0eYOR_O\\f0n`0dYOQ_O]f0o`0bYOQ_O_f0o`0aYOP_O`f0Pa0`YOP_O`f0Pa0`YOP_O`f0Pa0`YOo^Oaf0Pa0`YOP_O`f0Pa0`YOo^Oaf0Qa0_YOo^Oaf0Qa0_YOo^Oaf0Pa0`YOP_O`f0Pa0`YOo^Obf0Pa0^YOP_Obf0o`0^YOR_Obf0m`0_YOR_Obf0n`0^YOR_Obf0m`0_YOS_Oaf0m`0_YOS_Oaf0m`0^YOS_Ocf0m`0]YOS_Obf0n`0^YOR_Obf0n`0^YOR_Obf0n`0^YOQ_Ocf0o`0\\YOR_Odf0n`0\\YOR_Odf0n`0[YOS_Oef0m`0ZYOU_Oef0j`0[YOW_Oef0i`0[YOW_Oef0i`0ZYOX_Off0h`0ZYOX_Off0h`0ZYOX_Off0h`0ZYOX_Off0g`0[YOZ_Odf0f`0\\YOZ_Odf0f`0[YO[_Oef0e`0[YO[_Oef0e`0[YO[_Oef0e`0[YO[_Oef0e`0[YO[_Oef0e`0[YO[_Oef0e`0[YO[_Oef0e`0[YOZ_Off0f`0YYO[_Ogf0e`0YYO[_Ogf0e`0YYO[_Ogf0e`0YYO[_Ohf0d`0XYO\\_Ohf0d`0XYO[_Oif0\\d0000000000000O100000000000001O01O000001N101O00001O00001O000001jK[YOT@df0l?\\YOT@df0l?\\YOT@df0k?^YOT@bf0l?^YOU@af0k?_YOU@af0j?`YOW@_f0i?aYOW@_f0i?`YOY@_f0g?aYOY@_f0f?bYOZ@^f0f?bYO[@]f0e?cYO[@]f0d?dYO]@[f0c?eYO]@[f0b?fYO^@Zf0a?fYO`@Zf0`?fYO`@Zf0_?gYOb@Xf0^?gYOc@Yf0]?fYOd@Zf0\\?eYOe@[f0Z?fYOf@Zf0Z?fYOf@Zf0Z?eYOh@Yf0Y?gYOg@Yf0Y?gYOg@Yf0X?gYOi@Yf0W?gYOi@Yf0W?gYOi@Yf0W?gYOi@Yf0W?gYOj@Xf0V?hYOj@Xf0V?gYOk@Yf0U?gYOl@Xf0T?hYOm@Xf0R?hYOn@Xf0R?hYOo@Wf0Q?iYOPAVf0P?iYORAVf0n>jYOSAUf0m>kYOTATf0l>lYOUASf0k>lYOXARf0h>mYOZARf0f>nYO\\APf0d>PZO^Ame0lc0M3M3M[J\\ZOVB`e0j=aZO[Ba0eJcc0Pc0l[OaCSd0^<n[OcCQd0]<o[OcCQd0\\<P\\OdCPd0\\<P\\OeCoc0[<Q\\OeCoc0Z<R\\OfCnc0Z<R\\OfCnc0Z<R\\OfCnc0Z<R\\OfCnc0Z<R\\OfCnc0Y<S\\OgCmc0Y<S\\OhClc0X<T\\OhClc0X<T\\OhClc0W<T\\OjClc0V<T\\OjClc0V<T\\OiCmc0W<S\\OiCmc0V<T\\OjClc0V<S\\OkCnc0S<S\\OmCmc0R<T\\OnClc0Q<U\\OoCkc0Q<U\\OoCkc0Q<T\\OPDlc0o;U\\OPDkc0Q<U\\OoCkc0Q<T\\OPDlc0P<T\\OoCmc0P<T\\OPDlc0P<S\\OPDnc0P<Q\\OQDoc0o;Q\\OQDoc0o;P\\ORDPd0n;P\\ORDPd0n;P\\ORDPd0n;o[ORDRd0n;n[ORDRd0n;n[ORDRd0n;m[OSDSd0m;m[OSDSd0m;m[OTDRd0l;m[OUDSd0k;m[OUDSd0k;m[OVDRd0i;o[OWDQd0i;o[OXDPd0h;o[OYDQd0g;o[OZDPd0f;P\\OZDPd0f;o[O[DQd0f;n[O[DQd0e;o[O[DQd0Yc0O001O_Ia\\OeA`c0V>g\\OhAXc0S>o\\OkAQc0S=X\\Oa]OS1Z5db0U=\\\\O\\]OT1_5_b0T=a\\OW]OT1d5[b0U=Z^OkBea0T=\\^OlBda0R=_^OnB`a0V;a\\O]@R2]4]a0P;i\\OZ@Q2f4Va0n:m\\OS@U2n4n`0m:Q]Ok_OY2W5g`0l:h@SEY?k:i@TEX?i:k@UEW?i:k@VEV?i:k@VEV?h:m@UEU?j:l@UEU?j:l@UEU?i:m@WES?g:o@XER?f:PAYEQ?d:RA\\En>^:XAbEh>X:_AfEb>V:bAjE^>n9jARFV>i9oAVFR>f9RBZFn=`9WBaFi=Z9\\BfFd=T9bBlF^=P9fBdBSI\\3Wd0l9jBeBTI]3Rd0i9oBiBQI\\3Qd0d9UCoBmH[3nc0b9ZCRCiH[3mc0^9`CTCgH\\3ic0\\9eCUCeH^3fc0Y9jCVCdH^3cc0X9VEfFj:V9]EgFc:R9bFoE_9i9UGiEm8R:SHcD^C[Oed0m;P>J6J6J6L4L4L4G9M3M3M3K5L4N2O1N200O100O10000O10000000000O1000000000000000000000000000000000000O100000000000000O100000000000000000000O1000000000000O10000O10000O1O100O10000O100O100O100O100O10000O100O1O100O100O1O1O1O1O1O1O1N2N2M3O1O1O100O10000O100000000000000O100000000O100O1O100O100O1O1O1O1O1O100O100O100O100O100O100O1O100O1O100O1O100O1O1O100O1O1O100O1O1O1O1O1O100O1O1O100O100O100O100O10000O100O100O10000O100O100O1O100O100O1O100O1O100O1O100O1O100O1O100O100O1O100O1O100O1O100O1O1O1N2O1O1N2O1N2O1O1O1O1O100O100O1000000O10000000000O100O100O1O100O1O1O1O1O1O1O100O1O1O1O1O1O1O1O100O1O1O100O100O100O10000O100O10000O10000O100O1O100O1O100O1O1O1O1N2O1O1O1O1O1O1O1O100O1O1O100O1O100O1O100O1O100O1O1O1O1O1O100O100O100O100000000O10000O100O100O100O1O100O100000000000000001O001O1O001O1O1O1O2N2N1O1O1O1O1O001O1O001O1O2N1O2N1O1O1O1O1O001O001O001O1O001O001O00001O001O001O001O001O1O00001O00001O00001O00001O00001O001O001O001O001O001O001O001O1O1O1O001O0000000000O100000000O10000O100O10000O10000O1000000O1000000O10000O10000O10000O100O10000O10000O1000000O10000O10000O100O1000O010001N10000O10000O100O1O1O1O1N2O0O2N2O2N1N2O1N2O1O1N2N2O1O1N2O1O1O0O2O100O1001O0000000000001O2N1O2N1O2N1O1O1O00001O00000000000000O100O10000O100O100O100O10000O10000O100O10000O100O10000O10000O10000O1000000O10000O10000O10000O100O10000O100O10000O1000000O1000000O1000000O10000O100O100O100O100O100O100O100O100O10000O100O10000O100O10000O10000O10000O10000O100O10000O10000O100O100O10000O1O100O100O100O100O100O1O100O1O1O1O1O1O1N2O1O1N2O100O1O1O1O1O1N2O1O1O1O1O1O1O1O1O1000000000odNUNQY1k1jfNbNnX1^1ofNPOfX1P1VgN[OcX1e0YgNDbX1<[gNKaX16[gN1aX10\\gN5aX1M\\gN5cX1L[gN6dX1JZgN9eX1HYgN:fX1GWgN;iX1FSgN>lX1ElfN`0TY1e2O001O00001O001O0000001O0000000000001O00000000000000001O0000001O0000001O0000001O0000001O000000000000001O00000000001O000000001O0000000000001O0000001O0000001O000000001O00000000001O000000001O0000000000000000001O000000001O000000001O0000001O000000001O00000000001O00000000001O000000001O0000000L'}, 'predicted_iou': 1.036671757698059, 'point_coords': [[316.96875, 23.4375]], 'crop_box': [0.0, 0.0, 2254.0, 1500.0], 'id': 1217702653, 'stability_score': 0.9676611423492432}",0.9814936809250921,0.9906604198372876,0.9978920467846398,0.9835328525786532,0.9906604198372877
sa_223750.json.jpg,sa_223750.json.json,"{'bbox': [1753, 588, 500, 516], 'area': 238774, 'segmentation': {'size': [1500, 2254], 'counts': 'i_X`27_^1;@m0[Oc0^O;E>B9H7I9H=B:G9G5K6I6K3M1O2M2O001N3N2N4L6I3N3\\gNdJKi0TV1]7G7J3M1O1ljNQGYT1P9dkNaGmS1`8QlNgGiS1[8RlN`HVS1S:@Z1fN4L3M3L5L5K6J3M6J=C4L5K7I5K1O1N2O001O1N100000000O2O000000000000000O10000000000000000O10000000O1000000000000000000000000000000000000000O1000000000000000000000000000000O1000O10000000000000O2O0000000O1000O10000000000000O10000000O100000O10000000000000000000001O00001O000000000000001O00000000000000000000000000O0101O00000000000000000000000001O0O11O000O1000000000000000000000000000000000000000000000O10000000001O00000000001O00001O0000000000010O00000O100000000000O1000000000000000000000000000000001O00000000000000O10000000000000000000000O100000000000O10000000O100000000000000000001O0O1001O01O000000000000O10000000O100000000000000000000O1000000000001O00000O1000000000000000000001O0000000000000000000000000001O0000000000001O00000000O1000000000000000000000000000000000000000000000000000000000000000000000000000001O000000001O00000000001O0O10001O001O001N101O2N2N3M3M6J4M2M3M3M5L9F<D3M2N2N2N3M4L5K6jBfnN^<RR1J?A4L4L4L6J7I7I2N2N4L4eEQlNa9fT1O1O1O001O1O1O1O00YWO'}, 'predicted_iou': 0.9779930710792542, 'point_coords': [[2210.78125, 651.1875]], 'crop_box': [871.0, 494.0, 1383.0, 1006.0], 'id': 1217702654, 'stability_score': 0.9765441417694092}",0.9809595653553953,0.9903882769857604,0.9842215191182249,0.996632799215995,0.9903882769857604
sa_223750.json.jpg,sa_223750.json.json,"{'bbox': [2102, 183, 151, 267], 'area': 29483, 'segmentation': {'size': [1500, 2254], 'counts': 'RYWP32h^16L4K5L2O2M3M3M3M4L4M2M4L4L4L4L4L3N3L5K3M3M5L3L5K4L4L4L4M2M4L5K3M3M6K2M5K5K3M4L4M3L5K4L6J5K4M3L6J2N0010OWgNYJ]X1g5bgN`JXX1_5hgNeJUX1[5kgNiJQX1W5ogNkJPX1T5ogNoJoW1Q5PhNZKfW1R6L4L4L4M2M3M4L1O010O001O00000001O000000001O00000000001O000000001O01OO1000001O00000000000O2O00000000001O00000O101O00000000001O00000000001O00000000001O00000000001N1000000O10001O0000000000`I'}, 'predicted_iou': 0.9310966730117798, 'point_coords': [[2206.875, 248.0625]], 'crop_box': [1500.0, 0.0, 754.0, 567.0], 'id': 1217702655, 'stability_score': 0.9674684405326843}",0.9728001623870902,0.9862125733100113,0.9973639485276266,0.9753078044975071,0.9862125733100113
